0.1252 2.02 2.025 2.018 2.015 2.025 2.023 2.026 2.015 2.016
2.022 0.1185 1.887 1.925 1.927 1.915 1.864 1.916 1.893 1.736
2.028 1.885 0.1221 1.948 1.94 1.493 1.611 1.69 1.618 1.954
2.019 1.925 1.948 0.1227 0.5033 1.919 1.935 1.914 1.928 1.935
2.017 1.927 1.938 0.5 0.1225 1.933 1.931 1.907 1.918 1.944
2.027 1.915 1.485 1.921 1.933 0.1228 1.592 1.652 1.558 1.95
2.027 1.855 1.569 1.935 1.931 1.565 0.1187 1.612 1.571 1.899
2.029 1.913 1.663 1.913 1.908 1.635 1.622 0.1204 1.701 1.924
2.024 1.893 1.614 1.929 1.924 1.553 1.595 1.714 0.1222 1.952
2.018 1.73 1.952 1.936 1.945 1.947 1.899 1.922 1.95 0.1209
